%%% Global Ocean Heat Content estimate from 1940 to 2022 (v3, Monthly)
%%% CZ16 method (EnOI-DE/CMIP5 method, firstly Published in Journal of Climate, improved in our Science Advances paper)
%%% Cheng L. and J. Zhu, 2016, Benefits of CMIP5 multimodel ensemble in reconstructing historical ocean subsurface temperature variation, Journal of Climate. 29(15),5393-5416,doi:10.1175/JCLI-D-15-0730.1
%%% Cheng L. *, K. Trenberth, J. Fasullo, T. Boyer, J. Abraham, J. Zhu, 2017: Improved estimates of ocean heat content from 1960 to 2015, Science Advances, 3, e1601545. 

%%% Update date: Mar. 2023 by L.Cheng
%%% unit of OHC:  *10^21 Joules (ZJ)
%%% Baseline: 2006-2015
%%% Note: in this version (v3), we included the Arctic Ocean, improved land mask, and used updated CH14 XBT correction.
%%% Information of updated CH14 correction scheme for XBT data provided in http://www.ocean.iap.ac.cn/ and https://www.nodc.noaa.gov/OC5/XBT_BIAS/xbt_bias.html
%%% Note: Reliable records are after 1955

%%% Based on IAP Ocean Gridded Temperature Analysis: 
%%% http://ddl.escience.cn/f/FiL0
%%% http://www.ocean.iap.ac.cn/

[year] [month] [OHC0-700m] [0-700mError, 95% CI is OHC+/-Error] [OHC700-2000m] [700-2000mError, 95% CI is OHC+/-Error] 
1940	1	-246.93	71.37	-98.84	105.58
1940	2	-253.47	70.09	-99.98	104.25
1940	3	-245.40	69.52	-100.00	102.69
1940	4	-235.14	68.40	-108.45	101.76
1940	5	-236.73	67.86	-109.60	101.98
1940	6	-240.47	66.72	-110.04	101.34
1940	7	-253.36	67.29	-105.26	100.96
1940	8	-253.18	67.63	-103.58	99.94
1940	9	-254.69	66.63	-103.38	99.61
1940	10	-246.15	66.31	-103.93	99.96
1940	11	-228.68	68.32	-108.48	100.51
1940	12	-246.63	68.19	-108.91	100.98
1941	1	-253.92	65.45	-105.08	99.12
1941	2	-248.58	64.80	-105.44	97.95
1941	3	-246.53	64.44	-107.86	96.77
1941	4	-250.26	62.37	-108.43	96.62
1941	5	-252.40	62.24	-105.87	96.65
1941	6	-245.65	63.67	-103.87	96.35
1941	7	-237.75	64.64	-102.15	96.67
1941	8	-238.27	66.69	-97.91	97.17
1941	9	-230.11	66.09	-98.90	97.97
1941	10	-233.49	65.39	-99.60	98.50
1941	11	-237.17	65.16	-100.72	98.81
1941	12	-244.58	66.43	-101.52	98.97
1942	1	-239.16	65.09	-99.34	97.35
1942	2	-248.25	66.04	-101.54	97.51
1942	3	-224.04	65.00	-100.42	97.75
1942	4	-218.35	65.59	-100.27	98.66
1942	5	-220.59	65.45	-96.16	99.33
1942	6	-215.73	67.29	-96.62	99.03
1942	7	-209.92	67.02	-93.47	99.64
1942	8	-213.61	66.69	-93.04	100.73
1942	9	-215.14	65.87	-90.96	103.32
1942	10	-216.34	66.70	-92.00	105.02
1942	11	-220.32	67.30	-93.37	106.79
1942	12	-234.09	66.73	-94.90	106.38
1943	1	-216.83	64.03	-90.93	104.96
1943	2	-217.55	65.04	-92.09	104.99
1943	3	-212.57	63.27	-94.05	106.09
1943	4	-225.57	64.47	-93.46	106.09
1943	5	-226.15	67.69	-93.40	106.06
1943	6	-222.93	68.01	-93.53	106.32
1943	7	-208.82	67.59	-93.98	107.13
1943	8	-213.15	67.77	-91.35	108.50
1943	9	-198.46	67.15	-91.83	108.59
1943	10	-201.14	67.29	-91.66	109.60
1943	11	-202.12	66.58	-92.79	109.70
1943	12	-213.35	65.65	-93.12	110.31
1944	1	-207.11	62.42	-89.09	108.71
1944	2	-204.80	63.10	-90.96	108.93
1944	3	-204.46	64.78	-92.83	108.92
1944	4	-209.86	63.30	-93.22	108.95
1944	5	-214.61	65.10	-93.51	109.46
1944	6	-218.49	62.73	-94.77	109.63
1944	7	-214.89	60.05	-95.24	110.38
1944	8	-214.77	59.22	-94.86	110.52
1944	9	-208.47	58.05	-97.03	110.42
1944	10	-214.49	58.37	-99.52	110.27
1944	11	-218.31	59.80	-101.05	110.40
1944	12	-218.93	61.10	-100.66	110.54
1945	1	-207.22	60.78	-95.81	108.78
1945	2	-211.59	61.08	-96.54	108.57
1945	3	-207.50	60.69	-95.98	108.63
1945	4	-212.01	61.40	-96.13	108.16
1945	5	-214.99	62.41	-95.98	107.14
1945	6	-212.61	63.47	-95.95	104.70
1945	7	-206.55	64.87	-95.31	104.15
1945	8	-206.63	66.40	-94.77	102.30
1945	9	-201.65	66.69	-95.64	103.39
1945	10	-209.05	67.06	-96.23	102.88
1945	11	-212.52	62.81	-96.80	102.77
1945	12	-218.06	62.45	-99.05	103.60
1946	1	-211.79	60.64	-94.61	102.60
1946	2	-220.13	60.89	-96.28	101.72
1946	3	-234.45	55.32	-96.43	101.52
1946	4	-225.75	56.60	-99.77	102.20
1946	5	-223.82	59.33	-101.92	101.14
1946	6	-225.05	53.98	-102.16	98.52
1946	7	-211.15	55.30	-98.25	96.79
1946	8	-205.28	55.33	-96.90	95.39
1946	9	-200.97	54.55	-97.32	92.98
1946	10	-208.64	54.13	-99.28	92.42
1946	11	-219.29	53.68	-94.60	90.97
1946	12	-224.68	57.82	-96.22	88.95
1947	1	-220.97	58.58	-89.88	85.72
1947	2	-217.71	56.87	-92.30	84.36
1947	3	-210.93	56.42	-89.23	82.44
1947	4	-213.45	53.36	-95.17	81.61
1947	5	-213.96	51.25	-93.49	80.21
1947	6	-207.95	47.96	-97.14	79.08
1947	7	-198.91	46.86	-95.17	79.18
1947	8	-194.26	49.23	-96.93	79.32
1947	9	-188.72	51.85	-97.59	80.28
1947	10	-189.83	52.88	-100.43	80.35
1947	11	-207.53	53.79	-101.48	80.27
1947	12	-206.91	53.74	-101.78	80.27
1948	1	-205.37	52.23	-94.36	79.33
1948	2	-206.19	55.77	-92.17	79.26
1948	3	-206.63	56.05	-92.70	79.15
1948	4	-209.43	59.24	-90.55	77.71
1948	5	-213.93	59.34	-86.00	77.04
1948	6	-216.10	58.88	-83.79	75.10
1948	7	-220.69	55.57	-82.31	73.21
1948	8	-219.34	57.18	-78.44	72.24
1948	9	-218.25	59.20	-79.95	72.56
1948	10	-210.40	58.91	-80.29	72.27
1948	11	-218.18	60.24	-84.51	71.75
1948	12	-239.34	62.86	-83.71	71.94
1949	1	-238.40	55.33	-82.27	70.99
1949	2	-236.50	53.32	-84.13	70.37
1949	3	-226.90	52.86	-87.49	68.66
1949	4	-225.38	53.10	-88.77	67.85
1949	5	-218.07	53.46	-90.75	67.40
1949	6	-221.13	53.37	-88.57	65.57
1949	7	-221.16	51.96	-88.20	64.88
1949	8	-214.63	52.02	-88.30	64.81
1949	9	-214.63	48.11	-90.34	65.98
1949	10	-213.91	47.69	-93.96	65.15
1949	11	-224.78	48.74	-97.69	63.12
1949	12	-242.71	47.98	-98.40	62.46
1950	1	-247.93	46.47	-92.43	61.42
1950	2	-243.65	45.84	-96.36	61.05
1950	3	-250.56	45.22	-100.38	60.42
1950	4	-251.90	44.94	-102.28	60.70
1950	5	-257.29	45.05	-100.21	60.85
1950	6	-245.24	45.50	-101.96	60.33
1950	7	-235.99	45.56	-102.88	60.01
1950	8	-234.34	44.59	-103.26	60.45
1950	9	-224.91	44.80	-104.94	60.32
1950	10	-227.05	44.71	-107.31	59.99
1950	11	-223.08	46.09	-107.90	59.09
1950	12	-235.31	44.92	-108.90	59.05
1951	1	-235.92	47.28	-107.92	57.99
1951	2	-223.82	46.65	-108.70	57.84
1951	3	-214.88	46.02	-110.34	57.25
1951	4	-213.78	45.61	-111.47	56.13
1951	5	-212.07	46.16	-110.66	55.13
1951	6	-213.79	47.49	-110.63	54.13
1951	7	-200.63	49.16	-108.80	54.82
1951	8	-192.71	50.70	-108.59	55.10
1951	9	-187.19	49.35	-106.81	54.70
1951	10	-195.39	47.56	-107.15	54.62
1951	11	-191.28	44.88	-105.42	53.81
1951	12	-210.03	46.46	-102.53	53.49
1952	1	-210.17	44.81	-99.46	52.64
1952	2	-223.10	48.20	-99.52	52.29
1952	3	-212.70	50.25	-103.33	52.75
1952	4	-208.47	49.06	-104.42	53.09
1952	5	-205.86	48.31	-102.26	53.64
1952	6	-214.09	47.42	-104.52	53.97
1952	7	-218.67	48.20	-107.52	53.36
1952	8	-213.88	45.90	-107.76	53.51
1952	9	-206.75	46.59	-107.06	54.67
1952	10	-213.57	47.47	-109.37	55.06
1952	11	-216.77	47.50	-110.68	55.20
1952	12	-220.87	47.76	-111.85	55.88
1953	1	-222.79	47.52	-105.13	56.05
1953	2	-218.14	48.77	-103.10	58.09
1953	3	-204.90	47.42	-99.00	58.11
1953	4	-203.89	48.39	-96.67	59.17
1953	5	-216.27	51.64	-96.55	60.23
1953	6	-211.53	53.52	-99.23	61.37
1953	7	-205.45	55.02	-98.42	62.65
1953	8	-203.02	55.89	-98.70	63.46
1953	9	-187.22	54.76	-98.61	64.63
1953	10	-182.24	54.15	-101.33	65.63
1953	11	-189.94	52.62	-100.85	65.74
1953	12	-202.35	51.93	-100.57	65.98
1954	1	-185.60	49.01	-97.60	64.27
1954	2	-190.52	47.93	-97.93	64.95
1954	3	-183.82	46.97	-99.05	65.43
1954	4	-179.36	47.51	-99.75	65.71
1954	5	-177.91	48.03	-97.97	65.02
1954	6	-183.57	47.73	-97.41	64.31
1954	7	-164.98	47.43	-100.08	63.17
1954	8	-160.19	48.50	-97.63	62.76
1954	9	-159.87	48.30	-96.20	62.46
1954	10	-166.15	47.73	-95.21	61.09
1954	11	-170.47	46.38	-94.36	60.62
1954	12	-177.39	46.54	-93.21	60.27
1955	1	-176.47	45.14	-92.15	57.88
1955	2	-180.17	44.53	-92.15	57.29
1955	3	-176.91	43.97	-94.25	56.67
1955	4	-189.49	44.26	-95.46	56.00
1955	5	-191.81	45.47	-93.27	55.24
1955	6	-212.70	43.15	-95.11	53.91
1955	7	-218.29	41.79	-90.92	50.84
1955	8	-228.87	42.70	-91.11	50.22
1955	9	-230.25	41.27	-90.16	49.54
1955	10	-224.95	39.05	-89.71	49.15
1955	11	-229.83	38.27	-91.50	48.06
1955	12	-230.15	36.24	-91.62	47.48
1956	1	-232.81	33.04	-82.67	47.02
1956	2	-236.33	30.87	-82.77	45.61
1956	3	-237.35	29.89	-85.63	44.37
1956	4	-208.46	29.25	-91.10	42.53
1956	5	-204.30	29.21	-94.93	40.26
1956	6	-196.66	28.06	-95.58	37.99
1956	7	-187.02	25.75	-95.83	36.03
1956	8	-172.98	25.23	-96.26	35.42
1956	9	-167.28	25.35	-100.39	35.10
1956	10	-186.00	24.69	-100.74	34.08
1956	11	-181.62	24.05	-101.86	34.05
1956	12	-203.10	22.77	-101.25	34.30
1957	1	-201.98	23.37	-101.29	34.28
1957	2	-204.20	24.62	-101.99	33.70
1957	3	-217.27	24.05	-100.27	33.22
1957	4	-224.92	24.28	-101.48	33.10
1957	5	-220.46	25.84	-103.64	33.25
1957	6	-210.11	24.22	-101.72	32.92
1957	7	-198.94	23.02	-98.69	32.37
1957	8	-194.30	24.27	-97.38	31.88
1957	9	-175.31	27.85	-98.38	31.22
1957	10	-179.37	28.03	-98.94	31.33
1957	11	-184.18	26.38	-94.91	31.98
1957	12	-188.04	24.85	-95.83	32.59
1958	1	-181.42	23.09	-90.60	32.68
1958	2	-178.38	22.57	-94.79	32.23
1958	3	-170.79	24.77	-93.10	32.69
1958	4	-151.58	25.04	-93.90	32.35
1958	5	-161.75	26.28	-96.05	31.86
1958	6	-168.68	25.92	-92.70	30.51
1958	7	-157.53	24.09	-86.00	29.79
1958	8	-144.69	25.83	-82.63	29.68
1958	9	-129.72	28.50	-83.05	29.46
1958	10	-128.83	30.61	-82.71	29.67
1958	11	-136.00	30.13	-84.51	30.04
1958	12	-145.64	30.43	-86.95	29.99
1959	1	-184.65	29.27	-84.11	29.50
1959	2	-176.64	28.33	-86.64	29.58
1959	3	-181.93	29.32	-88.75	29.05
1959	4	-181.93	29.85	-88.38	28.83
1959	5	-184.94	29.44	-89.07	28.47
1959	6	-185.59	27.69	-89.61	27.81
1959	7	-182.36	25.55	-89.27	27.58
1959	8	-181.18	27.31	-86.16	27.53
1959	9	-190.62	27.43	-85.73	28.28
1959	10	-177.43	24.90	-86.73	28.16
1959	11	-184.11	23.57	-86.49	28.25
1959	12	-189.21	22.95	-87.59	28.45
1960	1	-187.74	22.91	-82.71	29.70
1960	2	-195.03	23.20	-85.04	30.01
1960	3	-181.65	21.47	-86.64	29.78
1960	4	-184.04	21.60	-89.01	29.36
1960	5	-189.78	21.93	-88.09	29.98
1960	6	-181.78	22.86	-85.45	29.50
1960	7	-178.17	22.77	-83.85	29.59
1960	8	-169.16	21.99	-81.29	28.90
1960	9	-158.69	22.42	-76.33	28.93
1960	10	-157.10	22.76	-76.51	29.56
1960	11	-156.19	22.91	-72.06	29.99
1960	12	-167.69	23.14	-73.81	30.30
1961	1	-166.34	26.38	-70.19	29.56
1961	2	-181.11	25.36	-70.20	29.56
1961	3	-175.74	25.90	-67.83	29.61
1961	4	-176.75	26.17	-66.95	29.54
1961	5	-183.56	25.43	-64.89	29.57
1961	6	-177.54	23.39	-68.91	29.18
1961	7	-175.56	25.89	-66.14	28.59
1961	8	-182.45	26.90	-63.25	28.17
1961	9	-176.96	27.35	-62.69	28.42
1961	10	-167.57	26.47	-65.11	28.27
1961	11	-166.33	25.76	-66.57	28.97
1961	12	-162.35	26.41	-67.09	29.40
1962	1	-156.20	27.18	-66.46	29.05
1962	2	-170.07	27.88	-69.57	29.24
1962	3	-167.46	26.76	-71.60	29.60
1962	4	-163.80	27.73	-74.55	29.18
1962	5	-153.46	25.31	-77.54	29.10
1962	6	-149.21	22.86	-77.60	28.51
1962	7	-127.51	21.92	-76.05	28.74
1962	8	-132.31	21.70	-74.05	29.27
1962	9	-130.55	22.41	-73.59	30.03
1962	10	-134.64	23.59	-74.69	30.51
1962	11	-140.81	26.75	-74.65	30.89
1962	12	-161.79	28.17	-75.96	29.75
1963	1	-150.76	27.61	-78.47	28.86
1963	2	-146.90	24.31	-81.13	28.83
1963	3	-144.46	23.95	-79.47	28.73
1963	4	-151.45	22.39	-77.12	28.94
1963	5	-150.94	21.78	-75.66	28.39
1963	6	-147.30	20.80	-75.74	27.21
1963	7	-157.05	18.38	-73.47	26.90
1963	8	-157.16	20.32	-73.15	26.78
1963	9	-162.36	21.06	-74.55	27.00
1963	10	-151.50	21.19	-76.70	26.72
1963	11	-158.34	20.58	-76.95	26.66
1963	12	-186.03	21.47	-77.66	26.82
1964	1	-197.09	20.63	-75.12	26.31
1964	2	-174.87	20.78	-77.76	26.31
1964	3	-176.60	22.56	-80.29	26.70
1964	4	-192.76	23.85	-80.58	26.54
1964	5	-185.22	23.51	-79.97	26.29
1964	6	-184.70	22.21	-80.53	24.38
1964	7	-198.49	21.89	-80.27	24.40
1964	8	-183.80	21.49	-77.15	24.20
1964	9	-182.08	23.99	-77.14	24.31
1964	10	-178.64	23.30	-74.43	24.69
1964	11	-185.15	22.51	-73.31	24.42
1964	12	-189.38	22.49	-76.47	24.33
1965	1	-197.58	26.04	-77.16	26.15
1965	2	-203.48	25.46	-73.40	26.23
1965	3	-201.26	23.67	-73.71	26.30
1965	4	-196.77	22.45	-72.29	26.34
1965	5	-193.56	20.67	-69.58	26.35
1965	6	-184.85	20.95	-69.12	25.68
1965	7	-188.04	20.06	-71.83	25.24
1965	8	-192.34	19.96	-68.83	25.23
1965	9	-153.74	21.07	-68.85	25.32
1965	10	-161.03	23.60	-71.43	25.04
1965	11	-167.85	23.34	-73.08	25.14
1965	12	-178.14	22.82	-75.00	25.01
1966	1	-169.13	21.01	-69.65	24.83
1966	2	-174.08	21.70	-67.08	25.22
1966	3	-173.35	22.68	-66.68	25.50
1966	4	-171.81	22.70	-64.99	25.66
1966	5	-151.64	22.41	-65.49	25.70
1966	6	-169.38	22.44	-68.47	25.71
1966	7	-174.04	22.89	-66.81	25.13
1966	8	-166.14	22.52	-65.78	25.35
1966	9	-167.72	23.12	-61.51	25.21
1966	10	-179.31	21.64	-63.78	24.95
1966	11	-175.12	21.46	-63.42	25.55
1966	12	-188.01	20.76	-63.67	25.35
1967	1	-174.95	20.18	-58.15	25.05
1967	2	-173.76	20.15	-59.28	25.38
1967	3	-167.38	19.40	-54.24	24.92
1967	4	-170.29	18.40	-57.45	24.70
1967	5	-172.95	18.73	-61.02	24.47
1967	6	-154.46	17.29	-67.67	23.94
1967	7	-158.04	16.90	-70.16	23.71
1967	8	-177.92	17.47	-70.42	23.92
1967	9	-166.77	18.29	-68.54	24.03
1967	10	-173.10	18.29	-71.47	23.66
1967	11	-187.89	17.02	-72.63	23.86
1967	12	-206.99	16.68	-72.74	23.54
1968	1	-201.35	16.42	-70.51	22.57
1968	2	-207.46	15.57	-69.58	22.63
1968	3	-197.79	15.16	-75.09	22.98
1968	4	-197.66	15.58	-77.89	23.30
1968	5	-185.89	16.13	-76.93	22.98
1968	6	-171.72	16.04	-76.40	22.91
1968	7	-167.04	14.52	-77.52	22.40
1968	8	-173.22	14.22	-78.42	22.35
1968	9	-174.09	14.02	-78.64	22.03
1968	10	-167.76	13.81	-79.86	21.40
1968	11	-167.20	13.76	-78.32	21.67
1968	12	-176.06	13.59	-79.16	21.71
1969	1	-170.41	13.53	-73.08	21.51
1969	2	-165.22	13.79	-75.12	22.38
1969	3	-157.89	14.54	-79.76	22.69
1969	4	-160.22	14.06	-79.97	22.75
1969	5	-168.64	14.62	-85.47	22.95
1969	6	-164.93	14.41	-85.35	23.10
1969	7	-169.31	14.52	-83.75	23.07
1969	8	-193.72	14.83	-81.17	23.00
1969	9	-197.36	16.02	-79.40	22.83
1969	10	-194.81	14.96	-85.58	22.79
1969	11	-195.90	14.10	-84.15	23.44
1969	12	-213.62	14.15	-85.76	23.10
1970	1	-206.94	14.02	-82.30	23.64
1970	2	-216.16	14.37	-86.09	23.40
1970	3	-213.09	13.35	-82.01	23.69
1970	4	-194.95	12.90	-85.47	23.65
1970	5	-190.73	13.11	-82.42	23.82
1970	6	-189.33	12.73	-85.69	23.28
1970	7	-174.92	12.81	-86.41	22.78
1970	8	-178.73	13.97	-84.09	22.26
1970	9	-172.01	14.00	-81.98	22.59
1970	10	-171.87	14.32	-79.13	22.66
1970	11	-172.00	14.64	-84.50	23.00
1970	12	-173.27	14.25	-81.81	23.20
1971	1	-164.28	12.95	-80.54	22.94
1971	2	-170.25	13.15	-82.95	23.08
1971	3	-166.43	13.78	-83.76	23.34
1971	4	-175.42	12.77	-85.52	23.64
1971	5	-169.90	12.25	-85.73	23.72
1971	6	-168.82	11.33	-85.85	23.14
1971	7	-159.40	10.96	-84.10	22.97
1971	8	-158.01	11.77	-83.37	23.23
1971	9	-151.95	11.72	-85.37	23.25
1971	10	-149.75	12.02	-81.54	23.25
1971	11	-165.17	12.35	-80.34	23.76
1971	12	-179.87	12.62	-78.46	23.93
1972	1	-175.20	12.93	-76.37	23.81
1972	2	-173.55	12.99	-77.02	24.00
1972	3	-162.48	13.58	-80.22	23.99
1972	4	-157.80	13.65	-81.76	23.96
1972	5	-147.60	14.24	-81.35	23.88
1972	6	-153.95	13.34	-78.59	23.87
1972	7	-167.34	14.03	-72.81	23.22
1972	8	-174.43	14.02	-73.84	23.04
1972	9	-167.25	12.66	-73.97	23.57
1972	10	-177.96	12.32	-73.89	23.61
1972	11	-181.16	12.35	-79.09	24.05
1972	12	-185.36	12.26	-80.75	24.46
1973	1	-179.18	11.89	-76.26	24.20
1973	2	-182.11	11.75	-76.58	24.33
1973	3	-180.90	18.07	-77.54	24.29
1973	4	-178.54	18.37	-80.63	24.32
1973	5	-183.42	18.71	-76.27	24.08
1973	6	-182.65	18.61	-74.72	24.12
1973	7	-166.24	18.13	-72.14	24.11
1973	8	-156.18	19.34	-67.11	24.51
1973	9	-154.06	20.38	-73.34	25.41
1973	10	-157.72	20.17	-72.06	25.66
1973	11	-159.67	20.03	-72.56	25.89
1973	12	-160.33	18.84	-71.71	26.08
1974	1	-153.12	19.66	-67.19	26.08
1974	2	-152.83	20.04	-70.36	26.33
1974	3	-147.63	19.25	-71.57	26.14
1974	4	-161.56	19.31	-67.18	26.43
1974	5	-157.41	20.42	-63.06	26.36
1974	6	-157.22	20.35	-61.15	26.17
1974	7	-161.79	18.70	-62.32	25.94
1974	8	-159.00	19.69	-58.43	26.19
1974	9	-154.24	19.82	-56.25	26.00
1974	10	-145.05	18.59	-58.62	26.06
1974	11	-145.47	19.57	-59.18	26.70
1974	12	-151.79	21.02	-56.46	26.22
1975	1	-135.38	20.36	-57.23	26.21
1975	2	-142.16	20.56	-58.64	26.48
1975	3	-152.22	20.70	-61.06	26.69
1975	4	-153.22	20.84	-61.33	26.13
1975	5	-149.44	20.67	-60.49	26.24
1975	6	-160.80	20.48	-60.50	25.03
1975	7	-161.33	19.88	-64.10	24.78
1975	8	-150.85	20.13	-61.92	25.04
1975	9	-147.89	21.28	-68.09	25.59
1975	10	-152.66	21.81	-71.47	26.07
1975	11	-137.51	20.32	-79.92	26.81
1975	12	-142.51	20.55	-83.49	27.77
1976	1	-152.30	20.34	-76.41	27.91
1976	2	-154.89	21.43	-77.31	27.73
1976	3	-146.81	21.61	-78.26	27.63
1976	4	-161.99	21.39	-76.89	27.47
1976	5	-162.73	22.12	-78.52	27.32
1976	6	-164.11	21.20	-81.38	26.93
1976	7	-153.13	18.93	-75.85	25.59
1976	8	-149.40	20.13	-75.92	25.42
1976	9	-144.76	21.36	-76.50	25.44
1976	10	-137.03	21.06	-79.11	25.68
1976	11	-137.89	20.25	-79.29	25.13
1976	12	-146.60	20.30	-82.73	25.06
1977	1	-144.29	19.86	-81.12	24.74
1977	2	-135.63	19.73	-85.78	24.20
1977	3	-129.36	19.08	-81.56	23.97
1977	4	-134.45	20.14	-77.98	23.91
1977	5	-142.51	22.02	-79.89	23.78
1977	6	-144.79	21.93	-77.89	22.98
1977	7	-152.17	21.77	-77.49	23.53
1977	8	-144.61	21.37	-78.14	24.02
1977	9	-147.37	20.53	-77.33	23.88
1977	10	-133.77	19.70	-78.99	24.18
1977	11	-140.75	18.95	-74.85	23.97
1977	12	-141.14	18.39	-73.63	24.05
1978	1	-132.72	17.04	-74.05	23.91
1978	2	-132.29	16.98	-74.91	23.40
1978	3	-128.03	17.83	-72.35	23.46
1978	4	-134.77	17.39	-72.92	23.33
1978	5	-140.91	17.60	-76.67	23.01
1978	6	-142.58	15.75	-80.17	22.98
1978	7	-136.26	14.53	-75.50	22.70
1978	8	-145.91	14.88	-72.87	23.08
1978	9	-131.09	15.26	-74.36	23.27
1978	10	-134.74	15.30	-72.75	23.41
1978	11	-128.27	14.60	-72.10	23.50
1978	12	-136.75	14.12	-74.04	23.47
1979	1	-142.47	13.31	-71.27	23.26
1979	2	-149.19	12.55	-73.01	22.98
1979	3	-140.86	12.47	-74.98	22.78
1979	4	-142.90	13.04	-74.69	22.83
1979	5	-145.55	14.29	-76.71	23.08
1979	6	-147.44	14.64	-73.69	22.78
1979	7	-142.98	15.31	-72.86	22.26
1979	8	-156.89	16.58	-71.43	22.78
1979	9	-152.40	17.11	-76.26	22.43
1979	10	-161.30	16.91	-76.56	22.13
1979	11	-155.15	16.41	-73.48	22.64
1979	12	-151.23	15.25	-73.56	22.90
1980	1	-137.75	14.82	-70.93	24.25
1980	2	-133.81	14.43	-71.82	24.04
1980	3	-129.21	14.29	-68.96	23.78
1980	4	-138.27	13.56	-66.37	23.37
1980	5	-142.36	14.03	-68.04	23.37
1980	6	-152.32	14.16	-69.23	23.54
1980	7	-163.75	13.64	-70.35	23.49
1980	8	-158.70	14.65	-68.36	23.30
1980	9	-156.46	15.78	-69.57	23.80
1980	10	-157.68	15.81	-70.51	23.48
1980	11	-154.88	15.57	-70.76	23.70
1980	12	-161.00	15.69	-72.71	23.55
1981	1	-143.66	14.86	-72.79	23.22
1981	2	-146.09	14.30	-74.71	23.56
1981	3	-130.20	14.28	-76.08	23.82
1981	4	-131.23	14.00	-75.38	23.98
1981	5	-134.78	14.53	-73.65	23.52
1981	6	-148.21	14.43	-71.90	22.85
1981	7	-154.06	15.02	-72.76	22.48
1981	8	-151.72	16.47	-71.64	23.18
1981	9	-146.07	17.78	-71.73	23.60
1981	10	-141.58	17.71	-70.35	23.70
1981	11	-154.59	16.38	-71.53	23.59
1981	12	-160.62	15.94	-76.91	22.58
1982	1	-152.69	14.95	-77.98	21.56
1982	2	-138.51	14.15	-73.88	20.87
1982	3	-139.50	14.14	-74.15	20.51
1982	4	-145.30	13.91	-73.76	21.01
1982	5	-147.75	13.52	-68.99	20.96
1982	6	-160.88	13.21	-69.57	21.05
1982	7	-157.61	12.87	-68.07	20.92
1982	8	-156.32	12.99	-66.75	20.94
1982	9	-148.04	12.97	-65.67	21.02
1982	10	-153.46	12.38	-67.65	21.18
1982	11	-155.32	12.09	-68.77	20.95
1982	12	-165.77	12.04	-70.96	20.64
1983	1	-163.94	11.73	-68.07	20.45
1983	2	-169.54	12.27	-74.10	20.82
1983	3	-153.11	12.37	-76.08	20.79
1983	4	-151.88	12.87	-76.47	20.69
1983	5	-146.57	13.77	-76.27	20.70
1983	6	-150.73	13.32	-78.41	20.90
1983	7	-154.46	12.96	-76.14	21.01
1983	8	-167.67	13.87	-72.78	20.78
1983	9	-156.10	14.41	-71.47	21.00
1983	10	-151.63	14.53	-72.87	20.94
1983	11	-157.71	14.04	-74.29	20.92
1983	12	-159.04	14.55	-75.79	21.09
1984	1	-145.68	14.33	-78.25	20.69
1984	2	-139.71	15.10	-79.54	21.12
1984	3	-134.32	14.83	-79.94	21.16
1984	4	-154.92	14.60	-79.66	21.35
1984	5	-161.87	14.06	-84.17	21.64
1984	6	-177.49	13.51	-82.99	21.42
1984	7	-182.18	12.92	-80.14	21.26
1984	8	-188.47	13.55	-78.59	21.20
1984	9	-177.12	14.51	-80.98	21.60
1984	10	-168.54	14.83	-82.09	22.03
1984	11	-159.15	14.62	-84.27	21.79
1984	12	-158.73	14.47	-79.80	21.14
1985	1	-142.36	13.14	-75.18	20.71
1985	2	-138.87	13.09	-81.99	20.58
1985	3	-127.67	13.32	-83.89	20.38
1985	4	-127.25	13.24	-85.09	20.37
1985	5	-138.38	13.45	-83.05	20.40
1985	6	-148.69	13.07	-83.03	20.30
1985	7	-152.59	12.35	-84.28	20.24
1985	8	-162.44	13.61	-84.11	20.70
1985	9	-157.82	15.75	-83.06	20.70
1985	10	-154.73	16.42	-81.29	20.43
1985	11	-149.82	14.93	-76.87	19.90
1985	12	-154.56	14.71	-76.70	19.79
1986	1	-151.71	13.52	-73.81	19.48
1986	2	-146.26	13.34	-71.56	19.63
1986	3	-138.52	13.57	-74.51	19.56
1986	4	-133.79	13.45	-71.20	19.14
1986	5	-133.13	13.40	-67.32	19.17
1986	6	-125.09	13.83	-66.58	19.46
1986	7	-118.77	12.45	-62.62	19.27
1986	8	-117.16	12.66	-59.64	19.09
1986	9	-109.85	13.25	-58.02	18.84
1986	10	-119.35	14.03	-63.12	18.65
1986	11	-125.18	13.28	-61.38	18.43
1986	12	-136.59	12.47	-64.74	18.64
1987	1	-132.30	11.72	-64.74	18.29
1987	2	-135.76	11.37	-61.45	18.30
1987	3	-122.93	11.61	-62.68	18.71
1987	4	-125.11	11.80	-64.59	18.57
1987	5	-131.37	11.95	-61.82	18.94
1987	6	-138.21	11.69	-61.76	19.01
1987	7	-138.58	11.32	-61.53	18.94
1987	8	-146.61	11.20	-59.91	18.97
1987	9	-134.86	12.06	-57.77	19.15
1987	10	-130.59	11.10	-62.47	19.19
1987	11	-127.09	10.95	-61.00	18.71
1987	12	-127.37	11.39	-62.77	18.66
1988	1	-129.37	10.94	-60.56	18.15
1988	2	-140.31	11.35	-61.73	18.24
1988	3	-131.52	11.99	-59.88	18.14
1988	4	-139.76	12.49	-60.99	18.32
1988	5	-143.54	13.06	-61.44	18.26
1988	6	-140.48	12.13	-63.98	18.20
1988	7	-134.90	12.42	-63.98	18.21
1988	8	-132.86	12.67	-64.80	18.60
1988	9	-126.01	15.06	-69.32	18.96
1988	10	-128.74	15.29	-70.00	18.81
1988	11	-122.77	15.25	-71.27	18.99
1988	12	-135.30	14.77	-72.34	19.20
1989	1	-124.67	14.17	-68.20	19.18
1989	2	-127.99	14.12	-60.78	19.31
1989	3	-128.57	14.10	-58.12	18.82
1989	4	-133.71	13.84	-58.87	18.32
1989	5	-139.65	14.50	-63.80	18.34
1989	6	-142.53	14.47	-64.07	18.47
1989	7	-142.07	13.96	-61.49	18.20
1989	8	-154.81	14.27	-61.53	18.40
1989	9	-158.53	15.06	-62.13	18.61
1989	10	-153.44	14.24	-67.97	18.65
1989	11	-152.00	15.05	-66.32	19.07
1989	12	-162.30	13.76	-67.58	19.05
1990	1	-143.77	13.64	-63.95	18.14
1990	2	-138.32	13.16	-67.57	17.79
1990	3	-143.00	12.87	-66.13	17.97
1990	4	-140.79	13.29	-64.48	18.63
1990	5	-145.39	14.19	-66.36	18.80
1990	6	-157.98	14.19	-65.51	18.73
1990	7	-154.82	13.24	-65.16	18.61
1990	8	-147.78	13.31	-64.16	19.30
1990	9	-151.15	14.58	-65.94	19.24
1990	10	-141.32	14.81	-69.03	19.21
1990	11	-130.72	14.57	-68.48	19.09
1990	12	-118.92	14.86	-71.59	19.00
1991	1	-108.29	13.51	-67.05	17.87
1991	2	-105.08	13.84	-70.60	17.27
1991	3	-97.91	14.04	-73.82	17.19
1991	4	-95.38	14.79	-72.33	17.04
1991	5	-97.06	14.97	-69.27	16.89
1991	6	-102.47	14.97	-67.92	17.03
1991	7	-94.87	14.30	-72.58	16.47
1991	8	-94.61	14.36	-73.43	16.59
1991	9	-111.08	17.05	-73.28	16.74
1991	10	-99.05	17.59	-72.64	16.35
1991	11	-122.43	17.80	-67.25	16.05
1991	12	-126.13	17.00	-63.97	15.51
1992	1	-132.10	15.34	-59.46	15.09
1992	2	-135.24	15.00	-55.68	14.78
1992	3	-119.51	14.49	-57.66	14.93
1992	4	-113.09	14.73	-55.02	14.80
1992	5	-124.28	13.78	-54.37	15.05
1992	6	-116.36	13.61	-52.74	14.98
1992	7	-105.02	13.15	-53.04	14.80
1992	8	-107.35	13.19	-47.88	15.30
1992	9	-104.35	13.94	-48.29	15.26
1992	10	-101.02	12.06	-48.24	15.11
1992	11	-102.85	11.87	-46.90	14.93
1992	12	-106.36	12.07	-48.45	14.87
1993	1	-98.94	11.82	-49.41	14.37
1993	2	-105.53	12.00	-51.10	13.83
1993	3	-101.47	11.81	-51.93	13.63
1993	4	-101.26	11.84	-50.13	13.33
1993	5	-100.24	11.66	-51.64	13.27
1993	6	-107.50	10.92	-52.55	13.55
1993	7	-109.27	10.81	-50.98	13.62
1993	8	-117.96	11.83	-48.75	13.53
1993	9	-117.83	11.89	-48.90	13.47
1993	10	-118.97	11.62	-49.61	13.60
1993	11	-112.43	11.78	-51.54	13.39
1993	12	-109.02	11.91	-56.32	13.33
1994	1	-104.07	11.22	-49.84	13.00
1994	2	-102.67	11.24	-52.28	13.04
1994	3	-102.09	11.32	-50.43	13.15
1994	4	-105.20	11.50	-50.76	13.26
1994	5	-108.00	11.65	-50.05	13.20
1994	6	-109.96	12.21	-51.25	12.99
1994	7	-106.64	12.45	-48.65	12.87
1994	8	-109.81	13.15	-45.38	12.91
1994	9	-98.18	13.93	-43.82	13.04
1994	10	-98.65	13.15	-44.36	13.26
1994	11	-96.94	12.38	-45.43	13.48
1994	12	-100.81	12.19	-46.10	13.49
1995	1	-102.22	10.67	-42.29	12.42
1995	2	-106.40	10.12	-43.94	12.18
1995	3	-105.97	9.95	-47.53	12.06
1995	4	-107.58	9.53	-45.87	12.36
1995	5	-109.41	9.54	-45.15	12.81
1995	6	-116.81	9.45	-46.21	13.29
1995	7	-117.49	9.19	-45.56	13.49
1995	8	-127.28	9.13	-44.01	13.94
1995	9	-127.25	9.63	-45.95	14.19
1995	10	-126.36	9.98	-47.05	14.47
1995	11	-123.10	10.13	-47.30	14.48
1995	12	-118.91	10.07	-49.27	14.41
1996	1	-107.40	9.59	-43.70	13.81
1996	2	-100.32	9.07	-44.64	13.80
1996	3	-91.80	9.38	-43.67	13.79
1996	4	-88.20	9.85	-40.16	13.74
1996	5	-88.30	9.77	-41.64	13.46
1996	6	-84.43	9.20	-42.72	13.28
1996	7	-83.11	8.54	-40.56	13.20
1996	8	-90.42	9.00	-39.88	13.48
1996	9	-84.46	9.07	-39.19	13.56
1996	10	-82.53	8.99	-39.41	13.50
1996	11	-91.64	8.82	-40.68	13.81
1996	12	-98.24	9.44	-40.91	14.11
1997	1	-90.28	9.13	-37.94	13.18
1997	2	-95.33	9.23	-38.51	13.29
1997	3	-89.13	9.16	-39.82	13.10
1997	4	-94.66	9.02	-39.26	13.29
1997	5	-99.21	9.08	-40.80	13.69
1997	6	-98.51	8.58	-41.62	13.44
1997	7	-93.91	8.08	-38.60	13.39
1997	8	-93.77	8.24	-34.94	13.78
1997	9	-90.13	8.35	-37.72	13.85
1997	10	-103.21	7.71	-35.42	13.66
1997	11	-96.81	7.41	-35.60	13.61
1997	12	-111.10	7.50	-36.41	13.87
1998	1	-104.82	7.07	-34.37	12.88
1998	2	-103.28	6.76	-37.35	12.85
1998	3	-96.09	6.35	-36.38	12.74
1998	4	-88.64	5.83	-34.76	12.65
1998	5	-80.45	5.56	-35.24	12.66
1998	6	-82.26	5.62	-32.19	12.55
1998	7	-75.48	6.01	-29.59	12.49
1998	8	-75.01	6.39	-29.01	12.69
1998	9	-71.92	7.17	-28.45	12.94
1998	10	-75.83	6.90	-30.47	12.96
1998	11	-69.88	6.98	-31.03	13.03
1998	12	-83.03	7.08	-33.09	12.96
1999	1	-87.82	6.42	-30.43	11.62
1999	2	-78.07	6.25	-30.95	11.52
1999	3	-74.71	6.23	-30.64	11.51
1999	4	-73.81	5.85	-30.10	11.52
1999	5	-69.01	5.53	-32.84	11.70
1999	6	-67.73	5.87	-32.03	11.83
1999	7	-66.30	5.96	-29.08	11.86
1999	8	-64.80	5.93	-28.15	11.95
1999	9	-60.08	6.37	-28.66	12.06
1999	10	-70.14	6.19	-29.97	11.89
1999	11	-74.98	6.55	-35.49	11.93
1999	12	-86.90	6.72	-36.97	11.88
2000	1	-89.71	6.21	-34.09	10.69
2000	2	-97.59	6.41	-35.10	10.86
2000	3	-92.60	6.98	-36.54	10.86
2000	4	-94.59	7.40	-35.01	10.76
2000	5	-91.42	7.74	-34.06	11.08
2000	6	-84.63	7.72	-33.34	10.88
2000	7	-83.55	7.53	-31.19	10.74
2000	8	-84.50	7.75	-31.20	10.75
2000	9	-81.54	8.63	-31.17	10.57
2000	10	-82.45	8.97	-31.60	10.58
2000	11	-84.72	8.96	-32.36	10.42
2000	12	-92.41	8.64	-33.86	10.40
2001	1	-85.91	7.53	-30.33	9.13
2001	2	-81.76	7.36	-30.38	9.05
2001	3	-80.81	7.40	-32.69	9.05
2001	4	-78.28	7.08	-32.44	9.22
2001	5	-73.57	7.20	-30.83	9.28
2001	6	-75.74	7.41	-31.50	9.16
2001	7	-79.73	6.71	-31.49	9.19
2001	8	-85.45	6.88	-31.41	9.40
2001	9	-82.60	6.14	-31.59	9.33
2001	10	-80.84	6.01	-32.20	9.36
2001	11	-73.62	6.56	-31.89	9.26
2001	12	-82.90	6.87	-31.66	9.15
2002	1	-67.80	6.03	-27.48	7.70
2002	2	-67.80	5.85	-28.75	7.76
2002	3	-65.49	6.12	-29.89	7.88
2002	4	-63.39	6.27	-29.55	7.84
2002	5	-60.94	5.73	-29.02	7.79
2002	6	-54.97	5.60	-29.66	7.89
2002	7	-60.85	5.35	-27.35	8.02
2002	8	-55.26	5.24	-24.67	7.98
2002	9	-50.79	5.47	-23.67	8.17
2002	10	-50.21	5.47	-24.59	8.21
2002	11	-43.10	5.00	-25.18	8.33
2002	12	-43.97	4.90	-26.37	8.24
2003	1	-41.29	4.16	-25.33	7.02
2003	2	-40.86	4.12	-24.82	6.76
2003	3	-39.25	3.67	-26.58	6.47
2003	4	-36.06	3.60	-25.71	6.41
2003	5	-35.04	3.27	-26.30	6.32
2003	6	-31.40	3.53	-24.81	6.10
2003	7	-34.87	3.55	-23.24	5.94
2003	8	-33.07	4.01	-21.28	5.89
2003	9	-29.11	3.99	-21.56	5.90
2003	10	-28.92	4.20	-21.61	5.84
2003	11	-32.38	4.05	-21.46	5.95
2003	12	-41.50	3.64	-23.80	6.08
2004	1	-39.90	3.40	-22.39	5.26
2004	2	-45.91	3.32	-23.60	5.31
2004	3	-36.58	3.46	-24.04	5.26
2004	4	-33.31	3.72	-24.19	5.11
2004	5	-36.92	3.66	-23.27	5.00
2004	6	-39.29	3.38	-23.99	5.02
2004	7	-34.33	3.20	-22.84	5.06
2004	8	-35.54	3.07	-20.91	5.13
2004	9	-28.32	3.07	-20.93	5.11
2004	10	-30.33	3.03	-21.76	5.06
2004	11	-26.56	3.19	-21.78	5.05
2004	12	-33.82	3.50	-22.71	4.74
2005	1	-37.91	3.50	-22.94	4.06
2005	2	-36.62	3.20	-24.24	4.17
2005	3	-34.63	3.36	-23.42	4.16
2005	4	-33.72	3.32	-23.33	4.09
2005	5	-32.37	3.20	-21.60	4.23
2005	6	-32.95	3.25	-19.57	4.22
2005	7	-27.09	3.17	-17.57	4.20
2005	8	-27.17	2.93	-15.13	4.20
2005	9	-23.29	3.03	-14.30	4.19
2005	10	-17.12	3.05	-14.77	4.40
2005	11	-12.78	3.10	-15.79	4.62
2005	12	-16.21	3.28	-15.43	4.73
2006	1	-7.89	3.05	-11.96	4.33
2006	2	-12.70	2.55	-11.83	4.30
2006	3	-8.21	2.61	-11.06	4.28
2006	4	-7.60	2.78	-11.75	4.20
2006	5	-9.70	2.93	-11.87	4.11
2006	6	-11.58	2.90	-11.56	4.06
2006	7	-12.83	2.82	-12.33	3.89
2006	8	-16.30	2.59	-10.18	3.82
2006	9	-17.17	2.39	-9.72	3.19
2006	10	-14.10	2.27	-9.91	3.17
2006	11	-10.79	2.45	-13.08	3.18
2006	12	-19.18	2.39	-16.11	3.16
2007	1	-18.34	2.39	-15.00	2.96
2007	2	-24.47	2.45	-15.97	2.97
2007	3	-22.20	2.50	-17.52	2.97
2007	4	-23.04	2.45	-17.16	2.77
2007	5	-29.21	2.44	-17.01	2.80
2007	6	-35.38	2.73	-15.12	2.72
2007	7	-28.83	2.59	-12.74	2.67
2007	8	-23.73	2.41	-10.62	2.70
2007	9	-21.86	2.36	-11.31	2.64
2007	10	-22.90	2.27	-10.03	2.74
2007	11	-26.41	2.34	-10.00	2.84
2007	12	-25.78	2.53	-11.33	2.87
2008	1	-15.31	2.60	-6.56	2.60
2008	2	-11.89	2.30	-6.85	2.78
2008	3	-11.24	2.18	-7.97	2.89
2008	4	-11.16	2.19	-8.54	2.86
2008	5	-10.69	2.16	-8.20	2.84
2008	6	-11.99	2.13	-6.62	2.87
2008	7	-17.36	2.32	-7.47	2.92
2008	8	-18.92	2.36	-8.88	2.86
2008	9	-22.23	2.03	-8.30	2.76
2008	10	-20.81	1.74	-9.11	2.58
2008	11	-25.86	1.70	-10.15	2.55
2008	12	-22.95	1.89	-9.32	2.47
2009	1	-19.70	1.89	-6.29	2.48
2009	2	-10.87	1.74	-5.95	2.42
2009	3	-6.06	1.76	-6.79	2.48
2009	4	-0.94	1.92	-6.08	2.55
2009	5	-1.56	1.87	-6.42	2.57
2009	6	-0.59	1.88	-6.89	2.53
2009	7	-0.42	2.07	-5.79	2.36
2009	8	-1.62	2.06	-3.70	2.31
2009	9	2.32	2.15	-3.67	2.25
2009	10	-1.28	2.08	-2.10	2.18
2009	11	-4.82	2.10	-1.36	2.15
2009	12	-9.16	1.93	-1.81	2.05
2010	1	-11.23	1.67	-1.37	1.85
2010	2	-14.87	1.36	-2.02	1.72
2010	3	-18.17	1.27	-1.76	1.55
2010	4	-10.05	1.38	-0.37	1.59
2010	5	-9.09	1.38	-2.07	1.56
2010	6	-8.47	1.32	-2.84	1.58
2010	7	-6.52	1.28	-3.73	1.53
2010	8	-7.77	1.37	-2.57	1.54
2010	9	-11.06	1.57	-2.78	1.27
2010	10	-8.32	1.69	-3.23	1.26
2010	11	-11.19	1.76	-5.23	1.35
2010	12	-7.99	1.76	-4.66	1.32
2011	1	-4.25	1.52	-1.71	1.43
2011	2	-6.48	1.53	-1.25	1.30
2011	3	-5.18	1.70	-2.66	1.28
2011	4	-7.17	1.60	-0.84	1.38
2011	5	-4.88	1.73	0.67	1.56
2011	6	-0.88	1.73	-0.84	1.60
2011	7	-0.64	1.85	-1.90	1.74
2011	8	-1.47	1.73	-1.92	1.66
2011	9	-1.14	1.63	-1.42	1.60
2011	10	-0.83	1.85	-1.06	1.78
2011	11	1.59	1.88	0.37	1.70
2011	12	3.22	1.88	-0.05	1.71
2012	1	9.43	1.63	3.40	1.70
2012	2	8.26	1.73	5.09	1.60
2012	3	7.12	1.96	4.88	1.47
2012	4	2.51	1.91	5.41	1.38
2012	5	4.82	1.74	5.17	1.37
2012	6	-1.57	1.54	4.02	1.48
2012	7	-0.93	1.18	2.90	1.56
2012	8	1.27	1.16	1.17	1.60
2012	9	4.07	1.38	3.71	1.57
2012	10	3.86	1.50	6.52	1.51
2012	11	7.70	1.63	6.06	1.57
2012	12	11.88	1.50	6.40	1.58
2013	1	14.60	1.42	9.51	1.23
2013	2	20.86	1.68	8.45	1.22
2013	3	17.53	1.72	8.66	1.23
2013	4	11.03	1.67	7.59	1.27
2013	5	10.99	1.75	7.29	1.58
2013	6	11.84	1.60	7.06	1.62
2013	7	7.89	1.44	5.50	1.62
2013	8	8.58	1.61	6.08	1.81
2013	9	13.36	1.58	6.51	1.90
2013	10	19.05	1.62	4.97	1.59
2013	11	23.16	1.98	8.08	1.46
2013	12	23.06	2.03	9.51	1.45
2014	1	23.83	1.81	12.20	1.45
2014	2	17.45	1.97	11.82	1.38
2014	3	9.28	1.96	12.98	1.30
2014	4	11.38	1.69	12.67	1.29
2014	5	13.04	1.64	13.84	1.36
2014	6	19.62	1.73	14.13	1.43
2014	7	21.89	1.67	17.45	1.51
2014	8	18.11	1.62	16.31	1.49
2014	9	14.10	1.76	16.05	1.43
2014	10	10.06	1.64	15.00	1.46
2014	11	9.78	1.46	15.49	1.43
2014	12	15.32	1.56	16.06	1.59
2015	1	28.70	1.78	17.77	1.67
2015	2	34.53	1.62	18.51	1.55
2015	3	36.98	1.57	21.24	1.60
2015	4	34.87	1.66	19.06	1.57
2015	5	36.13	1.75	18.58	1.50
2015	6	38.86	1.77	18.66	1.55
2015	7	37.62	1.56	18.11	1.59
2015	8	41.70	1.35	14.30	1.71
2015	9	39.45	1.23	10.92	1.83
2015	10	35.08	1.61	8.95	1.76
2015	11	36.63	1.72	9.81	1.59
2015	12	31.40	1.53	11.30	1.55
2016	1	31.67	1.47	13.74	1.77
2016	2	29.37	1.50	16.29	1.73
2016	3	30.98	1.74	15.78	1.83
2016	4	37.92	1.68	18.24	1.86
2016	5	31.64	1.92	16.22	1.89
2016	6	30.66	1.83	15.46	1.85
2016	7	25.86	1.56	13.97	2.09
2016	8	26.94	1.58	12.41	2.07
2016	9	28.62	1.76	13.57	2.14
2016	10	29.83	1.93	14.69	2.12
2016	11	28.99	1.90	16.36	2.05
2016	12	31.53	1.76	19.25	2.15
2017	1	32.94	1.58	21.85	2.31
2017	2	42.04	1.57	21.04	2.19
2017	3	48.70	1.60	22.53	2.16
2017	4	51.19	1.68	24.52	2.15
2017	5	48.62	1.60	22.96	2.23
2017	6	43.08	1.69	21.36	2.49
2017	7	43.78	1.62	22.56	2.61
2017	8	42.32	1.72	24.42	2.53
2017	9	46.21	1.68	25.17	2.59
2017	10	47.10	1.79	22.72	2.54
2017	11	41.88	1.89	19.44	2.61
2017	12	41.69	1.69	18.78	2.49
2018	1	43.20	1.59	19.48	2.40
2018	2	44.68	1.89	16.89	2.19
2018	3	49.13	2.05	14.40	2.02
2018	4	50.33	1.87	15.70	1.89
2018	5	50.43	1.92	14.58	1.82
2018	6	42.39	2.08	13.75	1.85
2018	7	36.72	1.98	14.34	1.81
2018	8	40.18	1.92	13.03	1.90
2018	9	40.82	2.00	13.54	1.96
2018	10	44.18	1.86	13.01	1.92
2018	11	47.09	1.88	14.99	1.92
2018	12	44.73	2.09	17.38	1.96
2019	1	47.78	2.12	20.30	2.22
2019	2	53.72	2.14	20.05	2.14
2019	3	60.43	2.35	19.81	2.06
2019	4	65.83	2.37	22.87	2.12
2019	5	62.24	2.39	24.81	2.31
2019	6	60.69	2.43	24.47	2.37
2019	7	61.07	2.14	25.12	2.50
2019	8	57.57	2.21	25.36	2.60
2019	9	55.99	2.18	20.83	2.89
2019	10	56.05	2.30	20.34	2.97
2019	11	50.41	2.32	20.21	2.87
2019	12	62.06	2.34	23.28	2.65
2020	1	64.92	2.31	26.28	2.55
2020	2	70.72	2.38	25.43	2.50
2020	3	70.51	2.35	24.59	2.50
2020	4	67.93	2.26	25.73	2.60
2020	5	66.54	2.34	28.78	2.73
2020	6	56.62	2.34	28.29	2.74
2020	7	50.06	2.41	27.82	2.75
2020	8	48.35	2.35	25.11	2.80
2020	9	51.21	2.28	24.20	2.73
2020	10	53.20	2.32	24.10	2.68
2020	11	56.78	2.47	25.83	2.61
2020	12	59.91	2.43	27.42	2.57
2021	1	69.79	2.59	27.59	2.53
2021	2	71.74	2.64	27.02	2.48
2021	3	68.99	2.61	27.22	2.52
2021	4	65.09	2.47	31.19	2.59
2021	5	67.85	2.49	34.64	2.75
2021	6	73.64	2.50	34.59	2.99
2021	7	71.49	2.62	34.62	3.39
2021	8	68.42	2.67	32.93	3.64
2021	9	69.58	2.67	29.44	3.52
2021	10	68.79	2.71	27.32	3.24
2021	11	70.90	2.71	27.87	2.83
2021	12	69.71	2.76	26.58	2.65
2022	1	69.69	2.74	26.98	3.08
2022	2	69.13	2.79	25.43	3.12
2022	3	70.86	2.81	26.49	3.22
2022	4	74.99	2.73	29.82	3.40
2022	5	80.87	2.71	33.30	3.06
2022	6	82.68	2.72	34.60	3.30
2022	7	88.08	2.79	37.03	3.51
2022	8	84.58	2.96	36.57	3.64
2022	9	86.43	2.70	34.85	3.56
2022	10	87.88	2.64	31.18	3.47
2022	11	83.00	2.38	29.97	3.69
2022	12	75.82	2.86	28.14	4.31