       1970.50         -2.61          4.36
       1971.50         -2.65          4.45
       1972.50         -1.67          4.46
       1973.50         -2.17          4.79
       1974.50         -1.48          5.00
       1975.50         -2.18          4.99
       1976.50         -0.73          4.86
       1977.50         -0.80          4.83
       1978.50          0.88          4.64
       1979.50          2.05          4.56
       1980.50          3.86          4.43
       1981.50          4.77          4.66
       1982.50          3.71          4.50
       1983.50          2.41          4.39
       1984.50          1.43          4.11
       1985.50          2.15          4.06
       1986.50          3.11          3.91
       1987.50          5.02          3.82
       1988.50          6.16          3.69
       1989.50          7.09          3.32
       1990.50          7.37          2.94
       1991.50          6.64          2.45
       1992.50          6.68          2.00
       1993.50          6.36          1.77
       1994.50          6.39          1.66
       1995.50          7.10          1.80
       1996.50          8.07          1.83
       1997.50          8.08          1.83
       1998.50          7.12          1.84
       1999.50          6.89          2.07
       2000.50          7.67          2.32
       2001.50          9.38          2.42
       2002.50         10.17          2.16
       2003.50         11.93          1.76
       2004.50         13.01          1.28
       2005.50         13.60          1.00
       2006.50         13.46          0.84
       2007.50         13.45          0.89
       2008.50         14.28          0.88
       2009.50         15.06          0.88
       2010.50         16.11          0.86
       2011.50         17.11          0.84
       2012.50         18.21          0.83
       2013.50         18.69          0.86
       2014.50         19.34          0.93
       2015.50         20.17          0.91
       2016.50         21.20          0.85
       2017.50         21.60          0.78
       2018.50         22.36          0.81
       2019.50         23.19          0.81
       2020.50         24.74          0.79
       2021.50         26.05          0.86
       2022.50         27.40          0.93
       2023.50         28.50          1.01