1940.5 -154.48 93.46
1941.5 -156.82 87.77
1942.5 -130.94 88.85
1943.5 -120.50 90.13
1944.5 -120.95 87.40
1945.5 -118.27 91.48
1946.5 -116.47 83.65
1947.5 -111.99 75.19
1948.5 -143.84 74.48
1949.5 -137.36 72.33
1950.5 -139.12 63.18
1951.5 -103.61 58.18
1952.5 -117.27 60.35
1953.5 -111.03 64.15
1954.5 -96.78 62.43
1955.5 -126.02 55.73
1956.5 -125.69 44.18
1957.5 -116.74 39.41
1958.5 -88.43 45.93
1959.5 -103.23 46.93
1960.5 -91.07 41.99
1961.5 -106.09 42.33
1962.5 -69.41 37.60
1963.5 -87.25 33.63
1964.5 -110.72 34.89
1965.5 -124.39 32.55
1966.5 -96.07 30.98
1967.5 -101.63 26.27
1968.5 -117.19 23.57
1969.5 -118.58 22.38
1970.5 -111.75 30.58
1971.5 -95.89 28.64
1972.5 -91.64 27.77
1973.5 -88.54 27.60
1974.5 -77.56 30.40
1975.5 -72.23 31.38
1976.5 -67.19 31.54
1977.5 -51.29 30.78
1978.5 -66.14 26.87
1979.5 -68.71 22.79
1980.5 -42.35 23.27
1981.5 -55.98 25.46
1982.5 -64.36 21.67
1983.5 -64.00 20.61
1984.5 -55.99 21.05
1985.5 -43.56 19.73
1986.5 -49.48 19.06
1987.5 -59.19 17.50
1988.5 -42.43 17.88
1989.5 -42.32 18.32
1990.5 -43.34 20.74
1991.5 -24.25 22.17
1992.5 -41.42 20.16
1993.5 -45.72 17.68
1994.5 -28.60 16.67
1995.5 -21.35 15.48
1996.5 -3.44 15.12
1997.5 -10.50 13.80
1998.5 4.02 12.13
1999.5 18.56 14.05
2000.5 16.54 14.48
2001.5 21.52 15.97
2002.5 44.91 16.02
2003.5 69.52 13.62
2004.5 60.84 8.96
2005.5 67.18 6.54
2006.5 78.14 7.34
2007.5 69.96 5.94
2008.5 82.36 4.90
2009.5 83.29 4.64
2010.5 79.09 3.97
2011.5 91.40 3.75
2012.5 98.50 2.99
2013.5 105.30 3.03
2014.5 111.01 4.12
2015.5 123.81 3.65
2016.5 118.87 3.60
2017.5 139.31 3.35
2018.5 142.86 3.43
2019.5 156.57 3.86
2020.5 161.76 3.98
2021.5 172.88 4.37
2022.5 187.92 5.17
2023.5 203.96 7.25
