1940.5 -61.23 82.26
1941.5 -61.12 79.12
1942.5 -57.49 80.47
1943.5 -55.13 83.43
1944.5 -55.67 85.29
1945.5 -60.12 84.12
1946.5 -53.55 78.41
1947.5 -51.30 73.36
1948.5 -50.12 68.97
1949.5 -49.11 63.14
1950.5 -52.80 58.44
1951.5 -51.82 55.80
1952.5 -48.22 56.29
1953.5 -42.75 57.45
1954.5 -44.27 55.55
1955.5 -52.47 49.62
1956.5 -57.21 43.18
1957.5 -56.13 40.68
1958.5 -56.24 43.73
1959.5 -58.38 39.62
1960.5 -51.77 38.87
1961.5 -41.96 37.88
1962.5 -34.66 34.83
1963.5 -35.80 32.55
1964.5 -33.71 31.37
1965.5 -30.36 30.96
1966.5 -28.41 28.26
1967.5 -33.11 25.80
1968.5 -37.54 24.71
1969.5 -37.96 25.07
1970.5 -31.63 28.28
1971.5 -26.68 28.19
1972.5 -31.93 28.34
1973.5 -33.33 28.26
1974.5 -22.28 29.23
1975.5 -19.49 28.79
1976.5 -18.53 27.94
1977.5 -22.48 26.31
1978.5 -26.95 24.80
1979.5 -30.68 23.44
1980.5 -28.70 23.28
1981.5 -27.93 22.80
1982.5 -28.30 20.18
1983.5 -23.41 18.35
1984.5 -15.78 18.49
1985.5 -12.26 18.94
1986.5 -7.69 18.28
1987.5 -12.12 16.32
1988.5 -20.70 15.68
1989.5 -18.08 16.12
1990.5 -13.29 15.81
1991.5 -16.21 17.48
1992.5 -10.64 16.22
1993.5 -10.20 14.73
1994.5 -4.42 14.83
1995.5 -10.59 15.43
1996.5 -4.42 15.95
1997.5 -0.65 16.91
1998.5 0.52 15.72
1999.5 5.24 16.02
2000.5 5.63 15.88
2001.5 6.27 14.99
2002.5 10.53 13.32
2003.5 16.68 11.15
2004.5 18.00 9.87
2005.5 18.74 8.40
2006.5 27.25 7.93
2007.5 29.45 6.40
2008.5 32.77 5.78
2009.5 32.35 4.98
2010.5 33.27 3.86
2011.5 40.14 2.87
2012.5 47.41 2.49
2013.5 51.67 2.32
2014.5 56.00 2.97
2015.5 61.07 2.64
2016.5 62.48 2.77
2017.5 69.76 3.02
2018.5 66.39 3.00
2019.5 71.72 3.13
2020.5 74.75 2.90
2021.5 81.34 2.65
2022.5 83.47 2.82
2023.5 82.63 3.24
